0.0,8.46,這兩年來因為疫情的影響台灣世界人口已高達47萬人
8.46,12.32,而又將近九成的世界者此刻正在尋找工作
12.32,17.3,再可怕的是一些綁上有名的球之王卻找一門線
17.3,19.78,成了詐騙集團的行騙工具
19.78,21.96,以臉書刊登詐騙話物
21.96,24.2,到機場等後卻找不到人時
24.2,26.36,才發現被騙騙人到當地
26.36,28.36,誰出炸高就轉鑑給誰
28.36,30.4,你如果跑掉我就找人去答應
30.4,32.16,或者是說我威脅你的家人
32.16,35.48,許多剛出社會的年輕人認為外匹比台幣可以有價值
35.48,37.78,對於在國外的生活也充滿了幻想
37.78,41.42,因此被詐騙集團騙去國外成為了詐騙幫充
41.42,44.32,甚至有上千人因此失去隱形
44.32,49.32,而且受害者是否還幸存卻也沒有原始到達
50.32,51.64,或者他們過得很好
51.64,53.16,我們也不知道
54.08,54.56,各位
54.56,58.08,我們現在有非常多的台灣人正被綁架在肚拜
58.12,60.12,我呢現在正在處理這件事情
60.12,61.8,為什麼會知道這件事情是這樣子
61.8,63.12,我收到了一個時訊
63.12,64.4,它是中午的時候傳給我
64.4,65.92,但是我晚上七點才打開來
65.92,67.12,我說好我會查查
67.12,67.92,他跟我說
67.92,69.08,他請我去上網查一下
69.08,70.84,有一個女網友分享了
70.84,74.08,他到肚拜的博弈詐騙工師去求職的新入歷程
74.08,75.36,主要是要警告大家
75.36,77.6,遠離國外的高興詐騙工師
77.6,79.28,如果不是因為他朋友被騙
79.28,81.56,他到現在都不知道台灣有發生這種事情
81.56,82.96,他就希望我可以開影片
82.96,84.68,希望讓更多人知道不要受騙
84.68,87.28,忙到剛剛11點半左右的時候
87.28,89.64,我就好了這個女網友分享
89.64,92.24,物入杜拜博弈詐騙工師求職新入歷程
92.24,93.36,喔真的是很精彩
93.36,95.12,我王子衛會貼在下面
95.12,96.0,自領留院
96.0,97.64,影片說女精你們一定要去看
97.64,98.84,簡單來說呢
98.84,101.92,他上網印真的這個工作到了杜拜去
101.92,102.88,然後他被綁架
102.88,104.28,他點他就要被賣掉
104.28,106.0,還好他急時逃回來
106.0,107.2,這個詐騙的人呢
107.2,108.76,有大陸人也有台灣人
108.76,110.92,這可能是一個跨國人的人口販賣
110.92,111.76,綁架的公司
111.76,113.52000000000001,剛剛在查這個案情的過程中
113.52000000000001,115.72,就看到了104人的銀行
115.72,118.36,他就有這種類似詐騙的工作資缺
118.36,118.96,杜拜
118.96,120.4,李星五萬起
120.4,122.4,遊戲公司文字客服專員
122.4,125.88,恩心日起是2021年的10月6號
125.88,127.64,而說這個詐騙到至今為止
127.64,128.56,還有人被騙
128.56,130.07999999999998,目前就有一對情侶
130.07999999999998,131.56,他們現在人還卡在杜拜
131.56,132.07999999999998,回不來
132.07999999999998,134.72,這份情侶就是傳訊息給我的
134.72,136.72,這一個女生他的朋友
136.72,137.56,他就跟我說
137.56,138.88,透文的不是他朋友
138.88,139.72,他沒有這個女生
139.72,141.04,他男朋友也有跟他去
141.04,142.36,對方不讓他們回來
142.36,143.56,威脅恐惡他們
143.56,145.76,後來呢他們去警察局跟移民局
145.76,148.2,可是杜拜的警察根本就不幫他
148.2,149.6,移民局跟也不幫他
149.6,150.44,他就很無助
150.44,151.68,他當地語言不通
151.68,153.08,我就說我來想辦法幫忙
153.08,155.96,所以我就請他趕快開一個群組
155.96,157.12,我們就先不調查了
157.12,159.08,我原本他媽還要籌備籌備個屁
159.08,160.0,先讓他們回來
160.0,161.04,現在這籌備下去
161.04,162.04,他搞不好朋友死了
162.04,163.84,我把這東西拍出來也死了兩個人了
164.44,165.16,不是啊
165.16,166.16,不然我要怎麼這樣
166.16,167.76,感謝他們的犧牲
167.76,168.48000000000002,以後他很年輕
168.48000000000002,169.64000000000001,不要被騙唱嗎
169.64000000000001,171.12,現在他們回來再說吧
171.12,172.44,我現在不是要籌備吧
172.44,174.28,他跟我說在這邊有個地方叫
174.28,176.92,DIP Dubai investment park
176.92,178.28,當初住在這邊的時候
178.28,180.0,是被賣來這邊的公司
180.0,181.56,那些中國人幫他們住的
181.56,182.44,十月五號
182.44,183.84,因為很多台灣人跑
183.84,185.0,公司怕他們也跑掉
185.0,186.76,所以我想把他們賣到其他公司
186.76,188.12,他們要領回護照的話
188.12,190.32,一個人要付三萬五的名字
191.36,192.04,好看
192.04,194.07999999999998,要十五萬才能把護照領回來
196.44,197.44,哈囉
197.44,198.24,哈囉
198.24,199.28,欸聽得到嗎
200.28,200.8,咖啡
201.52,202.24,沒事硬的
202.48,203.4,無聲無邪
203.4,204.2,是不是了
206.2,207.0,不是
207.0,208.68,我是學龍不要看這個玩笑
208.68,210.04,我是是看用來用來
211.64,212.4,喂
212.4,213.2,有了
213.2,213.88,可以嗎
213.88,215.12,你跟你男朋友現在都在
215.12,216.2,你們做地方是不是
216.2,216.68,對
216.68,218.07999999999998,那他現在是有護照的
218.07999999999998,218.48,沒有
218.48,219.4,我們都沒有護照
219.4,220.2,因為我們就是
222.2,223.24,他不是辦到了嗎
223.24,224.84,他是辦好的這個掛實證
224.84,226.84,你是可以辦這個女生護照
226.84,228.52,我現在就是沒有辦法
228.52,229.68,因為我就是卡在
229.68,231.4,他說我有兩個護照不讓我辦
231.4,231.68,好
231.68,234.20000000000002,那這樣子你把你的一些個子
234.20000000000002,235.12,你方便給我嗎
235.12,236.68,你是說身分在
236.68,237.52,對
237.52,238.04000000000002,你給我
238.04000000000002,240.16,明天我會稍微幫你留錄一下
240.16,240.52,好
240.52,241.68,你們幾歲了呢
241.68,242.68,看怎麼去做這個
242.68,244.92000000000002,是他們在醫人領行
244.92000000000002,246.12,有落到我男朋友
246.12,247.48000000000002,做什麼國外的工作
247.48000000000002,248.24,新高
248.24,249.0,做行政
249.0,250.36,就是聽起來就很正常
250.36,251.32,他們為什麼要用你
251.32,251.92000000000002,因為你們
251.92000000000002,253.08,因為我又不會阿拉伯
253.08,253.64000000000001,也不會
253.64000000000001,255.76000000000002,因為他們這邊是中國人的公司
255.76000000000002,256.92,專診做紮片的
256.92,258.52,我之前被他們拉平住
258.52,259.2,騙你們家
259.2,260.2,你要約跑啊
260.2,260.72,什麼
260.76000000000005,262.12,剛才我知道那個
262.12,264.12,就是王美約跑那個
264.12,265.20000000000005,剛才約了這個大本營
265.20000000000005,266.20000000000005,在盾拜
266.20000000000005,267.16,我調查那個
267.16,268.04,調查超久的
268.04,268.96000000000004,我還有拍影片
268.96000000000004,270.8,然後他們還有騙太國人來
270.8,272.8,他們想要開太國盤的樣子
273.8,274.36,看
274.36,275.32000000000005,像我大概知道
275.32000000000005,276.64000000000004,要回來台灣的話
276.64000000000004,278.48,防疫的部分有需要先做什麼
278.48,280.08000000000004,在這邊要先做核酸肩
280.08000000000004,281.12,我的辯之後
281.12,282.40000000000003,想辦法就是定防疫9.9
282.40000000000003,284.0,因為你要給他看證明
284.0,285.36,他才會認同作為一些
285.36,285.56,好
285.56,285.76000000000005,沒關係
285.76000000000005,286.92,朋友與我可以幫人問你
286.92,287.20000000000005,好
287.20000000000005,287.32000000000005,好
287.32000000000005,288.12,好
288.12,289.16,因為現在時間也晚
289.16,290.68,很多只有五多年
290.68,292.16,到今天大早
292.16,293.56,我要來出一件事情
293.56,294.32,所以太久
294.32,295.16,就是太久
295.16,295.88,太
295.88,296.56,太久
296.56,297.44,來來來
297.44,298.44,駐盾拜
298.44,300.44,台灣商務辦事處
300.44,301.24,提供
301.24,303.56,旅外國人極難救助
303.56,304.72,我們來看看這些
304.72,305.0,幹
305.0,307.28000000000003,關了到底會不會真的幫忙
307.28000000000003,308.84000000000003,一打一下這個
308.84000000000003,312.04,極難救助全國20小時的專線
313.04,314.88,我覺得這國際電話應該有夠過於
314.88,315.4,還算
316.64,317.24,好
317.24,318.24,算算了嗎
321.12,322.12,很道歉
322.12,324.36,民國的號碼寫空號
325.56,326.44,張小
326.44,327.28000000000003,放聽好了
327.28000000000003,328.52,放聽
328.52,329.28000000000003,喂
329.28000000000003,329.88,喂
329.88,330.84000000000003,你說
330.84000000000003,333.08,他們有些人可以出來
333.08,333.84000000000003,可以出來
333.84000000000003,335.56,可以讓世界可以接他們
335.56,336.72,讓世界接他們的好累
336.72,337.0,對
337.0,338.28000000000003,現在安全的地方
338.28000000000003,339.32,可以幫你
339.32,339.96000000000004,你等我一下
339.96000000000004,340.88,我現在跟你們講一下
344.64,346.0,我被管電話了
346.0,347.0,完了
347.0,348.4,射
348.4,349.84000000000003,我比他剛剛躲在櫃子
349.84,351.0,張小
351.0,351.67999999999995,趕快找他
351.67999999999995,352.88,然後一通電話過去
352.88,353.88,手機震動
353.88,354.84,張小
354.84,355.84,我
355.84,356.11999999999995,好
356.11999999999995,357.11999999999995,真心處理完了
357.11999999999995,358.11999999999995,謝謝各位
358.11999999999995,360.11999999999995,那我們現在就來好好分析一下這件事情吧
361.11999999999995,362.2,我有聯絡上
362.2,363.15999999999997,杜拜的朋友
363.15999999999997,364.03999999999996,他是我朋友的朋友
364.03999999999996,364.79999999999995,做物流的
364.79999999999995,365.79999999999995,他在杜拜工作
365.79999999999995,367.64,先請司機去見你們
367.64,369.35999999999996,讓你們人先安全下來
369.35999999999996,370.35999999999996,他一堵
370.35999999999996,371.59999999999997,終於一堵了
380.52,381.35999999999996,阿哥
381.35999999999996,382.67999999999995,現在來個圖大總統
382.67999999999995,383.56,剛剛詐騙集團
383.56,385.0,傳訊息給他們
385.0,386.35999999999996,可能知道他們要跑路了
386.35999999999996,387.08,威脅他們
387.08,389.4,做什麼要把他們的護照拉黑
389.4,390.76,已經上保公司了
390.76,391.84,做他們兩個
391.84,393.4,現在是跑路的�Script
393.4,394.67999999999995,如果不聯繫的話
394.67999999999995,395.67999999999995,他們的護照就不用拿了
395.67999999999995,397.79999999999995,一開始他們去移民區生辦的時候
397.79999999999995,398.91999999999996,生辦不過
398.91999999999996,399.84,所以他們一直很擔心說
399.84,402.28,是不是真的對方有動一些什麼手腳
402.28,404.32,我現在是請他們明天早上
404.32,405.4,先去領先
405.4,406.28,請你先去領先
406.28,407.59999999999997,請你先去領先
407.59999999999997,408.47999999999996,請你先去領先
408.47999999999996,409.28,請你先去領先
409.28,410.21999999999997,領先去領先
410.21999999999997,411.38,請領先obst Hurry
411.38,412.38,帶著 examine
412.38,413.55999999999995,請領先iran
413.55999999999995,415.29999999999995,抬著他們 Duke
415.29999999999995,416.64,所以我們現在
417.35999999999996,418.73999999999995,洆湯
418.73999999999995,419.88,打得好
419.88,420.79999999999995,我說我就朋友被綁架地在肚派
420.79999999999995,421.79999999999995,好Hello一陶德出來
421.79999999999995,423.26,想要順順順房護照回台灣
423.26,425.0,但是卻被移民區跟
425.0,425.96,警察忍處理
425.96,428.03999999999996,戴圖 所以試多在序找他們
428.03999999999996,429.28,恆庆你們提供協助
429.28,432.29999999999995,之前我有電話訊 easy
432.29999999999995,433.23999999999995,但是你們都不願意處理
433.23999999999995,434.23999999999995,我請他們明天早上
434.23999999999995,435.32,再去 manuscript
435.32,436.28,幫忙
436.28,437.91999999999996,因為我真的拍攝這個議題
437.92,438.88,還是不願意幫忙
438.88,440.12,也將會被基督下來
440.12,440.78000000000003,送出
441.82,443.62,不知道對方還會在出什麼招
443.62,444.64000000000004,護照宅還是
444.64000000000004,446.08000000000004,花錢去買通警察
446.08000000000004,447.08000000000004,做什麼他們有偷竊
447.08000000000004,448.48,所以他們多在那邊一天
448.48,449.42,就多為前一天
449.42,450.84000000000003,還是要盡快回來做也好
450.84000000000003,452.88,如果明天早上他們還是不願意處理的話
452.88,454.16,我們就馬上發出影片
454.16,455.12,去解救這兩個人
455.68,457.66,我們現在在這邊等他
457.66,459.44,幫我們辦好那個飲食護照
459.44,462.32,我剛剛去移民局那邊的人報處了好了
468.92,469.92,哇各位
470.92,473.22,現在我們有一件更重要的事情
473.22,473.92,一定要去做
473.92,474.92,跟你有在夢
474.92,475.92,哈哈哈哈
476.92,478.92,我跟你講很大難度死掉後
478.92,479.92,1到38
479.92,480.92,你就選6個
480.92,481.92,26
481.92,482.92,26
482.92,483.92,26
483.92,485.92,你剛剛路線真的很平常很慘耶
485.92,486.92,好
486.92,487.92,26
487.92,488.92,來來來
488.92,490.92,12號拿到護照
490.92,491.92,好 12 12
494.92,495.92,好
495.92,496.92,老闆娘可以四億
496.92,498.92,就帶你們今天晚上就要開了
498.92,499.92,開了這份凝千萬
499.92,500.92,謝謝
500.92,501.92,好
501.92,503.92,這份凝千萬
503.92,504.92,不請客
504.92,506.92,好啦好啦好啦
506.92,508.92,好啦好啦好啦
508.92,510.92,發展了
510.92,512.9200000000001,看我背
512.9200000000001,513.9200000000001,你又都沒中了
513.9200000000001,514.9200000000001,我不救了
514.9200000000001,515.9200000000001,跟上邊時間
517.9200000000001,518.9200000000001,我們決定了這個你好
518.9200000000001,520.9200000000001,不好意思我先請問一下
520.9200000000001,522.9200000000001,這個禮拜還有防禦禦館的位置嗎
522.9200000000001,523.9200000000001,你幹嘛的
523.9200000000001,524.9200000000001,好謝謝
524.92,526.92,不管現在最近的10號
526.92,527.92,9月10號
527.92,529.92,要1月20號之後
529.92,531.92,1月25號之後
531.92,532.92,要這麼久
532.92,533.92,目前都可能
533.92,534.92,都可能是1月停了
534.92,535.92,哦
535.92,536.92,OK
536.92,537.92,Oh my god
538.92,539.92,超難找的
539.92,540.92,超幾乎的難找
540.92,541.92,來跟我講一下
541.92,542.92,現在呢
542.92,544.92,不是只有拿到零食護照
544.92,545.92,這個問題就解決了
545.92,546.92,他必須要拿到防禦禦館
546.92,547.92,定房的病好
547.92,548.92,才有辦法登機
548.92,549.92,好
549.92,550.92,我就先讓
550.92,551.92,現在這個時間也超難找
551.92,553.92,而且連那種3 4千塊
553.92,554.92,都要排到1月多了
554.92,556.92,因為之後也快過年了嘛
556.92,557.92,很多人都會提早
557.92,559.92,好幾個月就全部都先定房了
559.92,560.92,然後
560.92,561.92,我在調查的過程中
561.92,562.92,我聽到了一件事情是這樣
562.92,564.92,像我們台灣人過去
564.92,565.92,受困的
565.92,566.92,其實嚴重的
566.92,567.92,真的是會有聲明危險的
567.92,568.92,像是被災掉器官
568.92,569.92,被賣掉
569.92,571.92,就算是輕微的
571.92,572.92,也沒有大家想像中
572.92,573.92,這麼簡單
573.92,574.92,有些人順利逃回來了
574.92,575.92,但是有些人是這樣
575.92,576.92,在那邊其實他就會去抱緊
576.92,577.92,說你有偷他的東西
577.92,579.92,讓你沒有辦法順利登機回顧
579.92,580.92,這個時候你被卡在那邊
580.92,581.92,他就會說
581.92,582.92,你的家人
582.92,583.92,要付50萬
583.92,584.92,把你這一張合約的
584.92,586.92,賠付清掉
586.92,587.92,你才可以回顧
587.92,588.92,在這個情況之下
588.92,589.92,因為他抱緊
589.92,590.92,他說你投錢
590.92,591.92,你就只能聽他的
591.92,592.92,怪怪的
592.92,593.92,打電話給你的家人
593.92,594.92,做了現在要付這款
594.92,595.92,才會掉
595.92,596.92,可是問題來了
596.92,598.92,這些人會去到國外工作
598.92,599.92,不管是什麼情況
599.92,600.92,一定是需要錢嘛
600.92,601.92,所以才會相信
601.92,602.92,在國外
602.92,603.92,必須這麼高
603.92,605.92,我在那邊好好地打工
605.92,606.92,我一定可以存到錢
606.92,607.92,我也可以讓我的家人過得好
607.92,609.92,才會去到國外
609.92,610.92,結果去的
610.92,611.92,存不到錢
611.92,612.92,這所在350萬
612.92,614.92,基本上這就是一個榜票
614.92,615.92,你也抓不到這個人
615.92,616.92,當你的警察又不幫你
616.92,617.92,你因為你又不痛
617.92,618.92,被困在那個地方
618.92,620.92,你每一天不敢做什麼
620.92,621.92,因為你想要的是
621.92,622.92,活下去
622.92,623.92,你想要的是
623.92,624.92,還能夠回到家
624.92,625.92,見到自己的家人
625.92,626.92,見到自己的愛
626.92,627.92,你想要的是
627.92,628.92,還能夠吃到下一層
628.92,629.92,看到明天太陽
629.92,630.92,他們真的是看到
630.92,631.92,有些人被賣掉
631.92,632.92,有些人被打
632.92,633.92,在恐懼之中
633.92,634.92,被控制
634.92,635.92,在一個這樣子的情況之下
635.92,637.92,他們是不敢做出什麼反卡
637.92,639.92,因為二十例比他們強大
639.92,640.92,太多
640.92,641.92,他才十九歲
641.92,642.92,想要照顧自己家人
642.92,643.92,想要照顧自己愛人
643.92,644.92,他們是為了這一些
644.92,645.92,他們才過去
645.92,646.92,就反過來
646.92,647.92,照顧自己威脅
647.92,648.92,我就覺得
648.92,649.92,哇
649.92,650.92,真的是
650.92,651.92,我天哪
651.92,652.92,這個保護我們的行程
652.92,653.92,真的是需要
653.92,654.92,每一個人
654.92,655.92,挺一行身邊的
655.92,656.92,幫忙分享出去
656.92,657.92,給你的新門愛
657.92,658.92,讓大家小心
658.92,659.92,我們現在就是
659.92,660.92,我就繼續找防禦旅館
660.92,661.92,找到的話
661.92,662.92,我再來好好跟你分析一下
662.92,664.92,這整件事情說的流程
664.92,665.92,為什麼這些人會上當
665.92,667.92,我們先繼續找
668.92,669.92,好
669.92,670.92,你繼續繼續
670.92,671.92,喂
671.92,673.92,我現在請問一下你最快的防禦
683.92,684.92,yes
684.92,685.92,ok了
685.92,686.92,也覺得
686.92,687.92,機票也訂好了
687.92,688.92,反正旅館也好
688.92,689.92,今天11號
689.92,691.92,13號晚上
691.92,692.92,他們就到台灣了
692.92,694.92,這兩個人是缺一台水
694.92,695.92,現在在防禦旅館
695.92,696.92,真的很難度
696.92,697.92,最快
697.92,698.92,最便宜的
698.92,699.92,晚上要6百塊
699.92,700.92,要到23號才有
700.92,701.92,可是他在內會有危險
701.92,703.92,透過各種層去
703.92,704.92,我現在最便宜的
704.92,705.92,一天來要兩千
705.92,707.92,滿感謝所有網友
707.92,708.92,管制
708.92,709.92,專店的業務
709.92,710.92,在住辦當地
710.92,711.92,幫忙換會
711.92,712.92,幫忙訓名
712.92,713.92,司管
713.92,714.92,訓名區
714.92,715.92,幫忙問
715.92,716.92,滿感謝每一個人
716.92,717.92,終於可以最好跳
717.92,718.92,現在呢
718.92,719.92,確定可以玩到台灣了
719.92,720.92,我現在好好的
720.92,721.92,跟大家介紹一下
721.92,722.92,他們這整個手法
722.92,723.92,你們現在認真聽
723.92,724.92,聽完之後
724.92,725.92,自己小心
725.92,727.92,也讓你們身邊的朋友小心
727.92,728.92,就是在台灣
728.92,729.92,有一個人專門
729.92,730.92,就是把你
730.92,731.92,賣過去
731.92,732.92,那那為什麼
732.92,733.92,要把你們賣過去
733.92,734.92,到底你們去一下
734.92,735.92,做死
735.92,736.92,他們那個地方叫
736.92,737.92,DIP
737.92,738.92,那地方全部都是要變計劃
738.92,740.92,突出可能有上百家大部計劃
740.92,741.92,那就是叫你做
741.92,742.92,炸片集團的小編
742.92,744.92,透過一些社群名臺
744.92,745.92,做一些廣告
745.92,746.92,用一些的票和女生
746.92,747.92,做一些突出片
747.92,748.92,吸引這個男生
748.92,749.92,然後大家聊天
749.92,750.92,說要約會的話
750.92,751.92,就要完成任務
751.92,752.92,接下來就開始好錢
752.92,753.92,而且你約同約多
753.92,755.92,永遠都變化了把錢領出來
755.92,756.92,最後你前面偏光的時候
756.92,757.92,他就消失不見
757.92,758.92,現在
758.92,759.92,非常多
759.92,760.92,像這樣子的手法
760.92,761.92,你現在上一領事
761.92,762.92,跟一一人
762.92,763.92,另一領
763.92,764.92,IG的現斗
764.92,765.92,FV的社群
765.92,766.92,也會看到
766.92,767.92,非常多類似像這樣子的資缺
767.92,769.92,他應該也都會講我的天花亂墜
769.92,770.92,他就會說
770.92,771.92,他們是
771.92,773.92,杜拜威一合法的
773.92,774.92,威一共司
774.92,775.92,我現在
775.92,776.92,要解一下
776.92,777.92,不少現身的威一共司
777.92,778.92,就會像你求之者
778.92,780.92,宣稱自己就有合法的資料
780.92,781.92,而且大力不要
781.92,782.92,不要把自己是
782.92,784.92,阿聯官方合作伙伴
784.92,785.92,但是
785.92,788.92,根據阿聯行法第414條規定
788.92,790.92,大功國內
790.92,792.92,嚴禁任何行事的躲搏行為
792.92,793.92,維責
793.92,794.92,兩年徒刑
794.92,795.92,也就是說
795.92,796.92,今天你在做伴
796.92,797.92,我跟你賭
797.92,798.92,等一下你怎麼在這邊這樣
798.92,799.92,他幫我們燦
799.92,800.92,警察就要聽到
800.92,801.92,他們要燦
801.92,802.92,來
802.92,803.92,真選帶回去
803.92,804.92,先回去關個兩名
804.92,805.92,來說
805.92,806.92,台灣真好
806.92,808.92,我是誰在講
808.92,809.92,你怎麼在那裡講的嗎
809.92,810.92,開始了
810.92,813.92,反正就是任何行事的
813.92,814.92,博弈他禁止嘛
814.92,816.92,反正他們說
816.92,817.92,一票公司幫你出
817.92,818.92,疫苗都幫你打好
818.92,819.92,不用會英文
819.92,821.92,不用會阿拉博文
821.92,822.92,只要不會中文
822.92,823.92,就可以領到高興
823.92,824.92,一開始
824.92,825.92,都是這樣
825.92,826.92,然後再上飛機前
826.92,827.92,他會跟你說
827.92,829.92,不會握手你的護照
829.92,830.92,但就會幫你辦那個
830.92,831.92,絕對不是工作前
831.92,833.92,絕對都是旅遊前
833.92,834.92,你到那邊
834.92,836.92,你就會被一個司機接走
836.92,837.92,在車上面試
837.92,838.92,面試的話
838.92,839.92,你怎麼要
839.92,840.92,行車就
840.92,841.92,兩萬三萬
841.92,842.92,而且還要扣一些
842.92,843.92,你們在那住宿會被有
843.92,845.92,然後也不知道要被補充
845.92,846.92,然後騙你說
846.92,848.92,因為我要改幫你的申請工作前
848.92,849.92,所以工作要給我
849.92,851.92,我明天半個月就還給你
851.92,852.92,一交出去接著
852.92,853.92,才能完玩
853.92,854.92,他們的手法
854.92,855.92,就讓你簽一張
855.92,856.92,都可以付
856.92,857.92,簡單是就簽合約
857.92,858.92,簽的這個合約
858.92,859.92,你根本也沒有拿這個錢
859.92,861.92,拿到的錢就是誰
861.92,862.92,是在台灣
862.92,864.92,把你賣過去的那個總系
864.92,865.92,現在前面就有跟我講
865.92,866.92,一個叫葉文俊
866.92,867.92,現在在工作社群
867.92,868.92,也一定可以拿爆料出來
868.92,870.92,可是這個人現在也不在台灣了
870.92,872.92,有好幾個類似像這樣的工具
872.92,873.92,他們沒有發現在台灣
873.92,874.92,有接頭的話
874.92,876.92,他們就會把一部分的力量
876.92,877.92,讓給現在台灣
877.92,878.92,想要賺錢的年輕人
878.92,880.92,你只要幫我找你的同學
880.92,881.92,也很有趣度在打工
881.92,883.92,我就給你五千給你
883.92,884.92,你萬倍力拿出來
884.92,885.92,那很多人會想說
885.92,886.92,快快一遍用嗎
886.92,887.92,可是你的朋友過去
887.92,888.92,可能會被電影房
888.92,889.92,電會被簽下一個
889.92,890.92,不合力的撈款
890.92,892.92,會被三道門禁鎖在裡面
892.92,894.92,女生可能會被賣出去賣贏
894.92,895.92,他們跑的話
895.92,896.92,是有可能會被做掉
896.92,897.92,來啦
897.92,899.92,如果要走的話
899.92,901.92,要先陪給公司
901.92,903.92,大約十萬人力
905.92,906.92,幾票才一萬多
906.92,907.92,重建
907.92,908.92,要請不十萬就好了
908.92,909.92,他開十萬人力
909.92,910.92,直接翻一倍
910.92,912.92,各位等於這邊是人可以按啦
912.92,913.92,人家有電機棒啦
913.92,915.92,人家可以跟總長海都關係啊
915.92,917.92,你要是長得漂亮一點
917.92,918.92,你一彎半人啊
918.92,919.92,我就不要用你回去
919.92,921.92,你終於也只能動體長寬
921.92,922.92,萬多萬
922.92,923.92,沒有資社
923.92,924.92,那就還好
924.92,925.92,沒有資社就還好
925.92,926.92,沒有資社
926.92,927.92,今天要去
927.92,928.92,要去
928.92,930.92,他們就是要想發覺你把錢兔出來嘛
930.92,931.92,他如果
931.92,932.92,你沒有錢
932.92,933.92,你去幫我配的
933.92,934.92,反正我就有這麼多人可以配
934.92,936.92,他們之前都是這樣子
936.92,937.92,對一些大約的
937.92,938.92,大約是不這樣的嗎
938.92,940.92,他們是可以直接拉開他的錢子
940.92,941.92,他去鬼去他房間
941.92,943.92,所以很多大約我只是可以兔台
943.92,944.92,去房間去
944.92,945.92,然後你準備要開太多錢
945.92,946.92,然後你可不可以開太多的
946.92,947.92,那是太多的
947.92,948.92,我通常影片去他私地
948.92,949.92,我們來
949.92,950.92,等一下
950.92,951.92,等一下
951.92,952.92,等一下
952.92,953.92,我們現在用個太多人家
953.92,954.92,準備
954.92,955.92,太多人
955.92,956.92,太多人
956.92,957.92,我們現在
957.92,958.92,小燕姐
958.92,959.92,你們想要知道更多的細節
959.92,960.92,我說真的
960.92,962.92,其實你們打開來
962.92,963.92,真的是隨便查
963.92,964.92,都有
964.92,967.92,肚拜獨一十萬高興增產
967.92,968.92,很多人抱緊窮元
968.92,970.92,有些逃回的人
970.92,971.92,也在我弄唱分享
971.92,972.92,他說這個
972.92,973.92,Aryk
973.92,974.92,Light上面叫做Aryk
974.92,975.92,來這個女王用
975.92,976.92,這個Aryk
976.92,977.92,我們這次受害者
977.92,978.92,所謂到Aryk
978.92,979.92,請窮一個
979.92,980.92,阿曼妍應該
980.92,981.92,做了幾代的玩意
981.92,982.92,這個人
982.92,983.92,在柴玩意
983.92,984.92,大家會用很多很多的
984.92,985.92,合意的方式
985.92,986.92,讓你相信他人就會在路上
986.92,988.92,下面已經你是不是就會被我
988.92,989.92,自己接走
989.92,990.92,他會演戲
990.92,991.92,跟你說
991.92,992.92,不對啊
992.92,993.92,你怎麼給人家接走了
993.92,994.92,那不是我耶
994.92,995.92,是不是要換一個人啦
995.92,996.92,看看
1008.92,1009.92,小老
1009.92,1010.92,他會跟你講
1010.92,1012.92,這個人非常地模一樣
1024.92,1025.92,只要講話
1025.92,1026.92,對吧
1026.92,1027.92,我都這麼說
1027.92,1029.92,但是你們可以一直在按覺得
1029.92,1030.92,他好像在那邊
1030.92,1031.92,我們這個人
1031.92,1032.92,他人跟我們就很快
1032.92,1033.92,多麼很麻煩
1033.92,1034.92,給我了他想說好
1041.92,1042.92,我說真的
1042.92,1043.92,我覺得詐騙自己
1043.92,1044.92,還沒有可能
1044.92,1045.92,因為他就是
1045.92,1046.92,很明白告訴你
1046.92,1047.92,就是幫我看這件事
1047.92,1048.92,我一人就告訴你
1048.92,1049.92,公司就在賺錢
1049.92,1050.92,可能就在書房
1050.92,1051.92,不然是我的發了
1051.92,1052.92,演戲跟演權
1052.92,1053.92,看電影
1053.92,1054.92,來一人
1054.92,1055.92,把你賣一掉
1055.92,1056.92,好會恐嚇你
1056.92,1057.92,你們人在哪裡
1057.92,1058.92,你們兩個是不是要跑路了
1058.92,1060.92,你們要是想要解決這個事情
1060.92,1061.92,明天會有大改化
1061.92,1063.92,明天還會聯繫我
1063.92,1064.92,因為他不用取得
1064.92,1065.92,我要幫你走一趟啦
1065.92,1067.92,大家不要覺得
1067.92,1068.92,這個女生回來
1068.92,1069.92,一去別活的
1069.92,1070.92,不見了
1070.92,1071.92,有些人是真的回不來
1071.92,1072.92,要去之前
1072.92,1073.92,你要去確認一下
1073.92,1075.92,我們先有一些朋友的親戚
1075.92,1077.92,我朋友的朋友
1077.92,1078.92,去職業和聯絡好
1078.92,1079.92,真的不然
1079.92,1080.92,你發生什麼情況的時候
1080.92,1082.92,你是有的人可以照應
1082.92,1083.92,現在我問問發達
1083.92,1085.92,先提一些做法組合對
1085.92,1086.92,已經也不能說
1086.92,1087.92,去度拜登工作
1087.92,1088.92,就一定不好
1088.92,1089.92,我們這次也真的是有
1089.92,1091.92,正當的人幫我們把他救
1091.92,1092.92,他也是有看一個取得
1092.92,1094.92,有300多的台灣人在那邊
1094.92,1095.92,是有一些正當的工作
1095.92,1097.92,是不是大家可以
1097.92,1098.92,更小心點
1098.92,1099.92,這一眼也有疫情的關係
1099.92,1100.92,其實說真的
1100.92,1101.92,這樣就非常的長進去
1101.92,1102.92,各種手法都沒有
1102.92,1104.92,你覺得他感覺就不像是有壞
1104.92,1105.92,這一切都會有何理
1105.92,1106.92,可是
1106.92,1107.92,各位你要知道
1107.92,1108.92,他就是要很合理
1108.92,1110.92,他就是要很誠懇
1110.92,1111.92,他就是要你覺得
1111.92,1112.92,他不是當結團
1112.92,1113.92,他可以弄你啊
1113.92,1114.92,你們只要能進去
1114.92,1115.92,評估一些事情就好
1115.92,1116.92,你聽我就不會
1116.92,1117.92,你發達多的評估
1117.92,1119.92,你也不是什麼特殊的工程師
1119.92,1121.92,厲害的什麼專制人員
1121.92,1122.92,會死
1122.92,1124.92,你可以給你一個月以後再死完
1124.92,1125.92,看這段時間
1125.92,1126.92,我就去度拜就好啦
1126.92,1127.92,我現在跟他也別看嘛
1127.92,1128.92,所有的關鍵其實
1128.92,1130.92,你們只要認真去想一下
1130.92,1131.92,上午查一下
1131.92,1132.92,到底何不得法
1132.92,1133.92,類似一些這樣的工作
1133.92,1134.92,我已經讓你們知道
1134.92,1135.92,所有的生活
1135.92,1136.92,不是說我懷疑姐
1136.92,1137.92,你怎麼去看這
1137.92,1138.92,大家自己思考一下
1138.92,1139.92,那這邊也麻煩大家
1139.92,1140.92,幫我把影片
1140.92,1142.92,給你們正面親朋好看
1142.92,1143.92,也學生
1143.92,1144.92,我年加了那個姐弟妹
1144.92,1146.92,有人真的要去國外工作
1146.92,1147.92,我們先看一下
1147.92,1148.92,瞭解清楚
1148.92,1149.92,如果你們有認識自己
1149.92,1150.92,太有人的話
1150.92,1151.92,我反應一下他們知道
1151.92,1153.92,因為張世傑的準備要開泰國學
1153.92,1155.92,然後沒辦法的話
1155.92,1156.8400000000001,我們就
1156.8400000000001,1158.92,那我們再記one nas
